object OtkForm: TOtkForm
  Left = 0
  Top = 0
  Caption = #1054#1090#1082#1083#1086#1085#1080#1090#1077#1083#1100
  ClientHeight = 382
  ClientWidth = 391
  Color = clBtnFace
  Font.Charset = DEFAULT_CHARSET
  Font.Color = clWindowText
  Font.Height = -11
  Font.Name = 'Tahoma'
  Font.Style = []
  OldCreateOrder = False
  PixelsPerInch = 96
  TextHeight = 13
  object Otk: TOtklonitelPaint
    Left = 0
    Top = 0
    Width = 391
    Height = 382
    Align = alClient
    TabOrder = 0
    OtklDopusk = 10.000000000000000000
    OtklRaiusPart = 50.000000000000000000
    OtklAngle = 7.000000000000000000
    SectorPart = 25.000000000000000000
    ColorOtklZamer = -16744704
    ColorOtkl = -65536
    ColorAOZamer = -16751616
    ColorAO = -7667712
    ColorSector = -16744704
    ColorShkala = -16777089
    ColorLabel = -16777216
    ColorFontAZO = -16776961
    ColorFontAZOE = -16776961
    ColorFontAZOZ = -16776961
    ExplicitLeft = 144
    ExplicitTop = 112
    ExplicitWidth = 200
    ExplicitHeight = 200
  end
end
