object OtkForm: TOtkForm
  Left = 0
  Top = 0
  Caption = #1054#1090#1082#1083#1086#1085#1080#1090#1077#1083#1100
  ClientHeight = 382
  ClientWidth = 391
  Color = clBtnFace
  Font.Charset = DEFAULT_CHARSET
  Font.Color = clWindowText
  Font.Height = -11
  Font.Name = 'Tahoma'
  Font.Style = []
  OldCreateOrder = False
  PixelsPerInch = 96
  TextHeight = 13
  object Otk: TOtklonitelPaint
    Left = 0
    Top = 0
    Width = 391
    Height = 382
    Align = alClient
    TabOrder = 0
    OtklDopusk = 10.000000000000000000
    OtklRaiusPart = 50.000000000000000000
    OtklAngle = 7.000000000000000000
    SectorPart = 25.000000000000000000
    ColorOtkl = 2147418112
    ColorOtkE = 2130706432
    ColorAO = 2130706687
    ColorAOE = 2130706432
    ColorSector = 2130706432
    ColorShkala = 2130706432
    ColorLabel = 2130706432
    ColorFontAZO = 2130706432
    ColorFontAZOE = 2147418112
    ColorFontAZOZ = -16744704
    ExplicitLeft = 64
    ExplicitTop = 112
    ExplicitWidth = 200
    ExplicitHeight = 200
  end
end
